0,421
0,420
35,2
0,419
0,418
0,9
0,417
0,386
36,52
36,51
36,50
36,49
36,48
36,47
36,46
36,45
36,44
36,43
36,42
36,41
36,40
36,39
36,38
36,37
29,4
32,5
30,1
30,4
31,4
29,1
29,3
32,1
32,3
28,1
28,3
31,1
31,3
36,36
36,35
35,1
35,3
34,1
34,3
3,2
10,247
10,84
10,133
10,275
10,258
10,96
10,2
10,3
11,6
11,13
9,6
9,4
9,2
9,3
8,10
8,14
8,18
8,8
8,12
8,2
8,3
20,3
20,2
20,1
19,3
19,2
19,1
12,3
12,2
12,1
11,30
11,29
11,28
11,27
11,26
11,25
11,24
11,23
11,22
11,21
11,20
11,18
11,17
11,16
11,15
11,12
11,11
11,10
